function ps = case300_001_ps

ps.baseMVA = 100.000000;

ps.bus = [...
%ID type Pd Qd Gs Bs area Vmag Vang basekV zone Vmax Vmin lam_P lam_Q mu_Vx mu_Vn locX locY 
 1 1 0 0 0 0 1 1.04206 2.969 115 1 1.06 0.94 0 0 0 0 2921 2110;
 2 1 0 0 0 0 1 1.0437 4.533 115 1 1.06 0.94 0 0 0 0 3132 2275;
 3 1 0 0 0 0 1 1.01493 2.842 230 1 1.06 0.94 0 0 0 0 2954 2298;
 4 1 0 0 0 0 1 1.05112 1.46 345 1 1.1 0.94 0 0 0 0 3058 2725;
 5 1 0 0 0 0 1 1.03325 1.738 115 1 1.06 0.94 0 0 0 0 3024 1985;
 6 1 0 0 0 0 1 1.04119 3.693 115 1 1.06 0.94 0 0 0 0 3011 2132;
 7 1 0 0 0 0 1 1.01008 2.431 230 1 1.06 0.94 0 0 0 0 2881 2016;
 8 2 0 0 0 0 1 1.0153 0.097 115 1 1.06 0.94 0 0 0 0 3334 2381;
 9 1 0 0 0 0 1 1.01402 0.184 115 1 1.06 0.94 0 0 0 0 3210 1993;
 10 2 0 0 0 0 1 1.0205 -1.819 230 1 1.06 0.94 0 0 0 0 3290 1929;
 11 1 0 0 0 0 1 1.01055 -0.143 115 1 1.06 0.94 0 0 0 0 3373 2090;
 12 1 0 0 0 0 1 1.01377 1.594 230 1 1.06 0.94 0 0 0 0 3132 1897;
 13 1 0 0 0 0 1 0.99991 -3.544 115 1 1.06 0.94 0 0 0 0 3493 1883;
 14 1 0 0 0 0 1 1.01061 -5.894 115 1 1.06 0.94 0 0 0 0 3394 2696;
 15 1 0 0 0 0 1 1.05263 -8.533 115 1 1.07 0.94 0 0 0 0 3460 3021;
 16 1 0 0 0 0 1 1.05774 -3.808 345 1 1.09 0.94 0 0 0 0 3175 3158;
 17 1 0 0 0 0 1 1.09475 -10.059 115 1 1.11 0.94 0 0 0 0 3339 2914;
 18 1 0 0 0 0 1 0.99337 -1.954 230 1 1.06 0.94 0 0 0 0 3308 2250;
 19 2 0 0 0 0 1 1.001 -5.972 115 1 1.06 0.94 0 0 0 0 3569 1697;
 20 1 0 0 0 0 1 0.98392 -1.648 230 1 1.06 0.94 0 0 0 0 3385 1896;
 21 1 0 0 0 0 1 0.99632 -5.459 115 1 1.06 0.94 0 0 0 0 3641 1525;
 22 1 0 0 0 0 1 1.05243 0.634 115 1 1.06 0.94 0 0 0 0 3617 1390;
 23 1 0 0 0 0 1 1.01751 3.409 230 1 1.06 0.94 0 0 0 0 3492 1616;
 24 1 0 0 0 0 1 1.03775 -0.714 115 1 1.06 0.94 0 0 0 0 3733 1245;
 25 1 0 0 0 0 1 1.00628 -4.274 115 1 1.06 0.87 0 0 0 0 3825 1316;
 26 1 0 0 0 0 1 0.97548 -8.16 115 1 1.06 0.87 0 0 0 0 3722 1500;
 27 1 0 0 0 0 1 1.04496 -10.891 115 1 1.06 0.94 0 0 0 0 3459 3518;
 28 1 0 0 0 0 1 1.06894 -7.355 345 1 1.08 0.94 0 0 0 0 3306 3585;
 29 1 0 0 0 0 1 0.98207 -20.669 115 1 1.06 0.94 0 0 0 0 3264 4816;
 30 1 0 0 0 0 1 1.01642 -17.66 230 1 1.06 0.94 0 0 0 0 3152 4662;
 31 1 0 0 0 0 1 1.03803 -9.943 115 1 1.06 0.94 0 0 0 0 3722 3225;
 32 1 0 0 0 0 1 1.04007 -11.383 115 1 1.06 0.94 0 0 0 0 3537 3476;
 33 1 0 0 0 0 1 1.07741 -6.295 345 1 1.09 0.94 0 0 0 0 3007 3628;
 34 1 0 0 0 0 1 1.04053 -11.466 115 1 1.06 0.94 0 0 0 0 3618 3426;
 35 1 0 0 0 0 1 1.04911 -9.502 115 1 1.06 0.94 0 0 0 0 3423 3417;
 36 1 0 0 0 0 1 1.07311 -6.938 345 1 1.09 0.94 0 0 0 0 3165 3626;
 37 1 0 0 0 0 1 1.02276 -14.591 115 1 1.06 0.94 0 0 0 0 3360 3730;
 38 1 0 0 0 0 1 1.03413 -14.757 115 1 1.06 0.94 0 0 0 0 3152 3971;
 39 1 0 0 0 0 1 1.04722 -12.071 230 1 1.06 0.94 0 0 0 0 2836 4025;
 40 1 0 0 0 0 1 1.06304 -9.752 345 1 1.08 0.94 0 0 0 0 3063 4117;
 41 1 0 0 0 0 1 0.99591 -20.15 115 1 1.06 0.92 0 0 0 0 3368 4208;
 42 1 0 0 0 0 1 1.01368 -13.916 115 1 1.06 0.94 0 0 0 0 3572 3615;
 43 1 0 0 0 0 1 1.05164 -1.486 115 1 1.06 0.94 0 0 0 0 3467 3314;
 44 1 0 0 0 0 1 1.03945 -6.659 115 1 1.06 0.94 0 0 0 0 3233 3431;
 45 1 0 0 0 0 1 1.01602 -9.546 115 1 1.06 0.94 0 0 0 0 2977 3549;
 46 1 0 0 0 0 1 1.01874 -15.169 115 1 1.06 0.94 0 0 0 0 3164 3792;
 47 1 0 0 0 0 1 1.02793 -13.601 115 1 1.06 0.94 0 0 0 0 2971 3826;
 48 1 0 0 0 0 1 1.03519 -9.333 115 1 1.06 0.94 0 0 0 0 2749 3703;
 49 1 0 0 0 0 1 1.05516 -3.36 115 1 1.07 0.94 0 0 0 0 2452 3741;
 50 1 0 0 0 0 1 1.0132 -1.834 115 1 1.07 0.94 0 0 0 0 2236 3810;
 51 1 0 0 0 0 1 1.00029 -1.306 115 1 1.06 0.94 0 0 0 0 2040 3823;
 52 1 0 0 0 0 1 1.04536 -6.721 230 1 1.06 0.94 0 0 0 0 2461 3811;
 53 1 0 0 0 0 1 1.00563 -0.489 115 1 1.06 0.94 0 0 0 0 1945 3708;
 54 1 0 0 0 0 1 1.02985 2.097 230 1 1.06 0.94 0 0 0 0 2101 3582;
 55 2 0 0 0 0 1 0.9583 -4.984 115 1 1.06 0.94 0 0 0 0 2244 3737;
 56 1 0 0 0 0 1 0.96288 -2.862 230 1 1.06 0.94 0 0 0 0 2094 3695;
 57 1 0 0 0 0 1 0.97057 -20.938 115 1 1.06 0.94 0 0 0 0 3730 5022;
 58 1 0 0 0 0 1 0.9958 -28.333 115 1 1.06 0.94 0 0 0 0 2975 4795;
 59 1 0 0 0 0 1 1.00543 -25.634 115 1 1.06 0.94 0 0 0 0 3163 4732;
 60 1 0 0 0 0 1 0.98285 -22.438 115 1 1.06 0.94 0 0 0 0 3216 4906;
 61 1 0 0 0 0 1 0.99435 -21.418 115 1 1.06 0.94 0 0 0 0 3314 4545;
 62 1 0 0 0 0 1 1.02144 -17.795 230 1 1.08 0.94 0 0 0 0 3053 4311;
 63 2 0 0 0 0 1 0.9632 -21.415 115 1 1.06 0.94 0 0 0 0 3352 4752;
 64 1 0 0 0 0 1 0.99476 -19.78 115 1 1.06 0.94 0 0 0 0 3374 4952;
 65 1 0 0 0 0 1 1.00325 -18.864 115 1 1.06 0.94 0 0 0 0 3520 4993;
 66 1 0 0 0 0 1 0.99499 -20.022 115 1 1.06 0.94 0 0 0 0 3524 4871;
 67 1 0 0 0 0 1 0.99516 -19.258 115 1 1.06 0.94 0 0 0 0 3501 5110;
 68 1 0 0 0 0 1 1.05308 -13.748 345 1 1.08 0.94 0 0 0 0 3019 4620;
 69 2 0 0 0 0 1 1.025 -15.079 115 1 1.06 0.94 0 0 0 0 3605 5083;
 70 1 0 0 0 0 1 0.99261 -16.497 230 1 1.06 0.94 0 0 0 0 3834 3168;
 71 1 0 0 0 0 1 1.00064 -13.756 230 1 1.06 0.94 0 0 0 0 3748 2830;
 72 1 0 0 0 0 1 1.00337 -8.906 230 1 1.06 0.94 0 0 0 0 3548 2542;
 73 1 0 0 0 0 1 1.03511 -16.152 230 1 1.06 0.94 0 0 0 0 3062 4503;
 74 1 0 0 0 0 1 1.03873 -10.789 115 1 1.06 0.94 0 0 0 0 3637 3037;
 75 1 0 0 0 0 1 1.03903 -8.773 115 1 1.06 0.94 0 0 0 0 3637 3141;
 76 2 0 0 0 0 1 1.052 -8.906 115 1 1.06 0.94 0 0 0 0 3707 2875;
 77 2 0 0 0 0 1 1.052 -1.109 115 1 1.06 0.94 0 0 0 0 3804 3264;
 78 1 0 0 0 0 1 0.9997 -10.315 115 1 1.06 0.94 0 0 0 0 3703 2722;
 79 1 0 0 0 0 1 1.02066 -12.192 115 1 1.06 0.94 0 0 0 0 3849 2909;
 80 2 0 0 0 0 1 1 -14.217 115 1 1.06 0.94 0 0 0 0 4064 2741;
 81 1 0 0 0 0 1 0.98955 -18.581 115 1 1.06 0.94 0 0 0 0 3909 3513;
 82 1 0 0 0 0 1 1.00824 -13.717 115 1 1.06 0.94 0 0 0 0 3970 2778;
 83 1 0 0 0 0 1 1.00442 -14.53 115 1 1.06 0.94 0 0 0 0 3965 2876;
 84 1 0 0 0 0 1 1.03046 -8.87 115 1 1.06 0.94 0 0 0 0 3894 3163;
 85 1 0 0 0 0 1 0.9998 -16.278 115 1 1.06 0.94 0 0 0 0 4052 3085;
 86 1 0 0 0 0 1 1.02284 -9.566 115 1 1.06 0.94 0 0 0 0 3906 3423;
 87 1 0 0 0 0 1 1.01579 -13.51 115 1 1.06 0.94 0 0 0 0 3775 3551;
 88 2 0 0 0 0 1 0.99 -18.538 115 1 1.06 0.94 0 0 0 0 4038 3316;
 89 1 0 0 0 0 1 0.9762 -23.88 115 1 1.06 0.94 0 0 0 0 3892 3855;
 90 1 0 0 0 0 1 0.97001 -22.833 115 1 1.06 0.93 0 0 0 0 3973 3678;
 91 1 0 0 0 0 1 0.9685 -26.309 115 1 1.06 0.94 0 0 0 0 4051 3908;
 92 1 0 0 0 0 1 0.98218 -22.698 115 1 1.06 0.92 0 0 0 0 3639 4041;
 93 1 0 0 0 0 1 0.97048 -26.157 115 1 1.06 0.94 0 0 0 0 4053 4126;
 94 1 0 0 0 0 1 0.98939 -12.352 115 2 1.06 0.94 0 0 0 0 2128 567;
 95 1 0 0 0 0 1 1.032 -10.059 115 2 1.06 0.94 0 0 0 0 1891 356;
 96 1 0 0 0 0 1 0.97624 -5.009 115 2 1.09 0.92 0 0 0 0 2035 540;
 97 1 0 0 0 0 1 0.97236 -4.447 115 2 1.06 0.92 0 0 0 0 2052 307;
 98 2 0 0 0 0 1 1.0435 -0.09 115 2 1.06 0.94 0 0 0 0 2093 169;
 99 1 0 0 0 0 1 1.00723 -6.317 115 2 1.06 0.94 0 0 0 0 1927 155;
 100 1 0 0 0 0 1 1.02083 -10.402 115 2 1.06 0.94 0 0 0 0 2133 351;
 101 1 0 0 0 0 1 0.99803 -13.833 115 2 1.06 0.94 0 0 0 0 2089 809;
 102 1 0 0 0 0 1 1.00731 -15.51 115 2 1.06 0.94 0 0 0 0 1968 782;
 103 2 0 0 0 0 1 1.0233 -10.749 115 2 1.06 0.94 0 0 0 0 1901 589;
 104 2 0 0 0 0 1 1.0103 -16.984 115 2 1.06 0.94 0 0 0 0 2012 1011;
 105 1 0 0 0 0 1 1.00989 -14.567 115 2 1.06 0.94 0 0 0 0 2003 1306;
 106 1 0 0 0 0 1 1.00978 -14.123 230 2 1.06 0.94 0 0 0 0 1882 1520;
 107 1 0 0 0 0 1 1.00612 -9.349 230 2 1.06 0.94 0 0 0 0 1994 1729;
 108 1 0 0 0 0 1 1.00636 -8.855 230 2 1.06 0.94 0 0 0 0 2010 1616;
 109 1 0 0 0 0 1 1.03502 0.853 230 2 1.06 0.94 0 0 0 0 2280 1778;
 110 1 0 0 0 0 1 1.00183 2.039 230 2 1.06 0.94 0 0 0 0 2583 1884;
 111 1 0 0 0 0 1 1.01767 -1.007 230 2 1.06 0.94 0 0 0 0 2163 1522;
 112 1 0 0 0 0 1 1.00001 -10.34 230 2 1.06 0.94 0 0 0 0 1747 1793;
 113 1 0 0 0 0 1 1.0367 -11.715 230 2 1.06 0.94 0 0 0 0 1630 1484;
 114 1 0 0 0 0 1 1.031 -10.409 230 2 1.06 0.94 0 0 0 0 1429 1596;
 115 1 0 0 0 0 1 1.05004 -2.344 230 2 1.06 0.94 0 0 0 0 1271 1763;
 116 1 0 0 0 0 1 1.04858 -6.968 230 2 1.06 0.94 0 0 0 0 1377 2026;
 117 2 0 0 0 0 1 1.055 -12.422 230 2 1.06 0.94 0 0 0 0 1062 2047;
 118 1 0 0 0 0 1 1.02774 -7.77 115 2 1.06 0.94 0 0 0 0 834 2557;
